[header]
width=55
height=40
tilewidth=16
tileheight=16
orientation=orthogonal
background_color=0,0,0,255

[tilesets]
tileset=Final Project Assets/Landscape Tiles/minecraft_Sprite.png,16,16,0,0

[layer]
type=Tile Layer 1
data=
322,0,0,0,0,0,0,0,0,0,0,0,0,0,0,0,0,0,0,0,0,0,0,0,0,0,0,0,0,0,0,0,0,0,0,0,0,0,0,0,0,0,0,0,0,0,0,0,0,0,0,0,0,0,322,
322,0,0,0,0,0,0,0,0,0,0,0,0,0,0,0,0,0,0,0,0,0,0,0,0,0,0,0,0,0,0,0,0,0,0,0,0,0,0,0,0,0,0,0,0,0,0,0,0,0,0,0,0,0,322,
322,0,0,0,0,0,0,0,0,0,0,0,0,0,0,0,0,0,0,0,0,0,0,0,0,0,0,0,0,0,0,0,0,0,0,0,0,0,0,0,0,0,0,0,0,0,0,0,0,0,0,0,0,0,322,
322,0,0,0,0,0,0,0,0,0,0,0,0,0,0,0,0,0,0,0,0,0,0,0,0,0,0,0,0,0,0,0,0,0,0,0,0,0,0,0,0,0,0,0,0,0,0,0,0,0,0,0,0,0,322,
322,0,0,0,0,0,0,0,0,0,0,0,0,0,0,0,0,0,0,0,0,0,0,0,0,0,0,0,0,0,0,0,0,0,0,0,0,0,0,0,0,0,0,0,0,0,0,0,0,0,0,0,0,0,322,
322,0,0,0,0,0,0,0,0,0,0,0,0,0,0,0,0,0,0,0,0,0,0,0,0,0,0,0,0,0,0,0,0,0,0,0,0,0,0,0,0,0,0,0,0,0,0,0,0,0,0,0,0,0,322,
322,0,0,0,0,0,0,0,0,0,0,0,0,0,0,0,0,0,0,0,0,0,0,0,0,0,0,0,0,0,0,0,0,0,0,0,0,0,0,0,0,0,0,0,0,0,0,0,0,0,0,0,0,0,322,
322,0,0,0,0,0,0,0,0,0,0,0,0,0,0,0,0,0,0,0,0,0,242,242,242,0,0,0,0,0,242,242,242,0,0,0,0,0,0,0,0,0,0,0,0,0,0,0,0,0,0,0,0,0,322,
322,0,0,0,0,0,0,0,0,0,0,0,0,0,0,0,0,0,0,0,0,0,242,0,0,0,0,0,0,0,0,0,242,0,0,0,0,0,0,0,0,0,0,0,0,0,0,0,0,0,0,0,0,0,322,
322,0,0,0,0,0,0,0,0,0,0,0,0,0,0,0,0,0,0,0,0,0,242,0,0,0,0,0,0,0,0,0,242,0,0,0,0,0,0,0,0,0,0,0,0,0,0,0,0,0,0,0,0,0,322,
322,0,0,0,0,0,0,0,0,0,0,0,0,0,0,0,0,242,242,242,242,242,242,0,0,0,0,0,0,0,0,0,242,242,242,242,242,242,0,0,0,0,0,0,0,0,0,0,0,0,0,0,0,0,322,
322,0,0,0,0,0,0,0,0,0,0,0,0,0,0,0,0,0,0,0,0,0,242,0,0,0,0,0,0,0,0,0,242,0,0,0,0,0,0,0,0,0,0,0,0,0,0,0,0,0,0,0,0,0,322,
322,0,0,0,0,0,0,0,0,0,0,0,0,0,0,0,0,0,0,0,0,0,242,0,0,0,0,0,0,0,0,0,242,0,0,0,0,0,0,0,0,0,0,0,0,0,0,0,0,0,0,0,0,0,322,
322,0,0,0,0,0,0,0,0,0,0,0,0,0,146,0,0,0,0,0,0,0,242,0,0,0,0,0,0,0,0,0,242,0,0,0,0,0,0,0,146,0,0,0,0,0,0,0,0,0,0,0,0,0,322,
322,0,0,0,0,0,0,0,0,0,0,0,0,146,0,0,0,0,0,0,0,0,242,0,0,0,0,0,0,0,0,0,242,0,0,0,0,0,0,0,0,146,0,0,0,0,0,0,0,0,0,0,0,0,322,
322,0,0,0,0,0,0,0,0,0,0,0,146,0,0,0,0,0,0,0,0,0,0,0,0,0,0,0,0,0,0,0,0,0,0,0,0,0,0,0,0,0,146,0,0,0,0,0,0,0,0,0,0,0,322,
322,0,0,0,0,0,0,0,0,0,0,276,0,0,0,0,0,0,0,0,0,0,0,0,0,0,0,0,0,0,0,0,0,0,0,0,0,0,0,0,0,0,0,276,0,0,0,0,0,0,0,0,0,0,322,
322,0,0,0,0,0,0,0,0,0,276,276,0,0,0,0,146,146,146,146,146,146,0,0,0,0,0,0,0,0,0,0,0,146,146,146,146,146,146,0,0,0,0,276,276,0,0,0,0,0,0,0,0,0,322,
322,0,0,0,0,0,0,0,0,276,276,276,0,0,0,0,0,0,0,0,0,0,0,0,0,0,242,242,242,242,0,0,0,0,0,0,0,0,0,0,0,0,0,276,276,276,0,0,0,0,0,0,0,0,322,
322,0,0,0,0,0,0,0,0,276,276,276,0,0,0,0,0,0,0,0,0,0,0,0,0,0,0,0,0,0,0,0,0,0,0,0,0,0,0,0,0,0,0,276,276,276,0,0,0,0,0,0,0,0,322,
322,0,0,0,0,0,0,0,0,276,276,276,0,0,0,0,0,0,0,0,0,0,0,0,0,0,0,0,0,0,0,0,0,0,0,0,0,0,0,0,0,0,0,276,276,276,0,0,0,0,0,0,0,0,322,
322,0,0,0,0,276,276,276,276,276,276,276,0,0,0,0,0,0,0,0,0,0,0,0,0,0,0,0,0,0,0,0,0,0,0,0,0,0,0,0,0,0,0,340,340,340,340,340,340,340,0,0,0,0,322,
322,0,0,0,0,276,276,276,276,276,276,276,0,0,0,0,0,0,0,0,0,0,0,0,0,0,0,0,0,0,0,0,0,0,0,0,0,0,0,0,0,0,0,340,340,340,340,340,340,340,0,0,0,0,322,
322,0,0,0,0,276,276,0,0,0,0,0,0,0,0,0,0,0,0,0,0,0,238,238,238,238,238,238,238,238,238,238,238,0,0,0,0,0,0,0,0,0,0,0,0,0,0,0,340,340,0,0,0,0,322,
322,0,0,0,0,276,276,0,0,0,0,0,0,0,0,0,0,0,0,0,0,0,0,0,0,0,0,0,0,0,0,0,0,0,0,0,0,0,0,0,0,0,0,0,0,0,0,0,340,340,0,0,0,0,322,
322,0,0,0,0,276,276,0,0,0,0,0,0,0,0,0,0,0,0,0,0,0,0,0,0,0,0,0,0,0,0,0,0,0,0,0,0,0,0,0,0,0,0,0,0,0,0,0,340,340,0,0,0,0,322,
322,0,0,0,0,276,276,0,0,0,0,0,244,244,244,244,244,244,0,0,0,0,0,0,0,0,0,0,0,0,0,0,0,0,0,0,0,244,244,244,244,244,244,0,0,0,0,0,340,340,0,0,0,0,322,
322,0,0,0,0,276,276,0,0,0,0,0,0,0,0,0,0,0,0,0,0,0,0,0,0,0,0,0,0,0,0,0,0,0,0,0,0,0,0,0,0,0,0,0,0,0,0,0,340,340,0,0,0,0,322,
322,0,0,0,0,276,276,0,0,0,0,0,0,0,0,0,0,0,0,0,0,47,47,0,0,0,0,0,0,0,0,0,47,47,0,0,0,0,0,0,0,0,0,0,0,0,0,0,340,340,0,0,0,0,322,
322,0,0,0,0,244,276,0,0,0,0,0,0,0,0,0,0,0,0,0,0,0,0,0,0,0,0,0,0,0,0,0,0,0,0,0,0,0,0,0,0,0,0,0,0,0,0,0,340,340,0,0,0,0,322,
322,0,0,0,0,244,276,0,0,0,0,0,0,0,0,0,0,0,0,0,0,0,0,0,0,0,0,0,0,0,0,0,0,0,0,0,0,0,0,0,0,0,0,0,0,0,0,0,340,340,0,0,0,0,322,
322,0,0,0,0,244,276,0,0,244,244,244,244,244,244,244,244,244,244,244,244,244,244,244,244,244,244,244,244,244,244,244,244,244,244,244,244,244,244,244,244,244,244,244,244,244,0,0,340,340,0,0,0,0,322,
322,0,0,0,0,0,0,0,0,244,244,244,244,244,244,244,244,244,244,244,244,244,244,244,244,244,244,244,244,244,244,244,244,244,244,244,244,244,244,244,244,244,244,244,244,244,0,0,0,0,0,0,0,0,322,
322,0,0,0,0,0,0,0,0,244,244,244,244,244,244,244,244,244,244,244,244,244,244,244,244,244,244,244,244,244,244,244,244,244,244,244,244,244,244,244,244,244,244,244,244,244,0,0,0,0,0,0,0,0,322,
322,0,0,0,0,0,0,0,0,244,244,244,244,244,244,244,244,244,244,244,244,244,244,244,244,244,244,244,244,244,244,244,244,244,244,244,244,244,244,244,244,244,244,244,244,244,0,0,0,0,0,0,0,0,322,
322,0,0,0,0,0,0,0,0,244,244,244,244,244,244,244,244,244,244,244,244,244,244,244,244,244,244,244,244,244,244,244,244,244,244,244,244,244,244,244,244,244,244,244,244,244,0,0,0,0,0,0,0,0,322,
322,0,0,0,0,0,0,0,0,244,244,244,244,244,244,244,244,244,244,244,244,244,244,244,244,244,244,244,244,244,244,244,244,244,244,244,244,244,244,244,244,244,244,244,244,244,0,0,0,0,0,0,0,0,322,
322,0,0,0,0,0,0,0,0,244,244,244,244,244,244,244,244,244,244,244,244,244,244,244,244,244,244,244,244,244,244,244,244,244,244,244,244,244,244,244,244,244,244,244,244,244,0,0,0,0,0,0,0,0,322,
322,36,36,36,36,36,36,36,36,36,36,36,36,36,36,36,36,36,36,36,36,36,36,36,36,36,36,36,36,36,36,36,36,36,36,36,36,36,36,36,36,36,36,36,36,36,36,36,36,36,36,36,36,36,322,
322,36,36,36,36,36,36,36,36,36,36,36,36,36,36,36,36,36,36,36,36,36,36,36,36,36,36,36,36,36,36,36,36,36,36,36,36,36,36,36,36,36,36,36,36,36,36,36,36,36,36,36,36,36,322

